651
416
511
306
412
509
410
409
512
512
547
581
409
512
511
615
512
314
318
359
340
593
315
420
411
409
512
403
319
351
324
444
418
319
336
462
409
511
410
409
409
315
399
411
410
409
311
307
319
392
316
402
410
356
459
617
321
396
333
335
355
412
402
370
327
428
416
406
515
410
347
471
314
403
332
343
549
322
498
408
409
410
511
409
400
317
545
371
330
492
409
686
647
407
319
501
405
413
614
410
609
408
509
409
406
413
512
434
385
409
362
355
614
513
815
614
513
409
319
613
502
412
331
485
329
605
395
411
324
392
410
319
499
512
409
513
409
511
318
345
328
545
412
510
512
511
513
409
331
315
326
359
512
313
336
578
410
407
411
409
411
349
471
341
478
382
437
345
474
310
406
315
347
460
666
463
512
409
512
410
389
321
409
415
409
328
389
512
513
408
513
319
396
351
467
309
408
409
514
511
