496
317
311
424
324
313
303
306
392
317
400
511
361
327
434
617
320
399
316
502
410
512
315
327
306
634
308
359
409
318
501
410
400
325
307
329
379
688
439
512
409
312
404
331
387
320
308
302
322
335
307
314
322
318
2473
309
403
311
409
512
405
414
409
393
528
409
309
407
311
312
333
318
312
360
352
362
410
409
410
405
415
668
459
408
409
337
317
315
565
516
402
412
410
512
412
329
341
343
518
409
602
405
337
323
310
464
512
439
378
409
326
321
320
364
512
325
306
391
409
409
409
411
330
386
317
317
309
306
489
408
514
410
2252
408
2514
458
510
312
405
410
320
304
398
308
407
314
316
391
408
415
320
396
310
509
346
371
409
410
327
386
326
395
614
312
404
409
410
319
398
317
502
617
616
406
551
369
308
341
313
316
318
347
306
335
300
309
308
387
313
506
511
311
334
311
325
356
514
406
515
402
