467
385
492
410
431
487
331
331
318
320
337
334
333
587
386
513
409
409
409
411
316
393
310
515
314
475
432
520
310
343
311
315
355
307
313
506
314
407
405
499
414
519
307
409
326
391
404
307
540
310
384
318
399
320
499
321
314
385
335
316
319
362
408
313
404
409
316
318
343
318
347
407
334
383
409
525
395
410
489
337
398
413
512
332
325
365
512
410
319
391
342
382
410
409
511
404
518
516
405
338
521
316
559
314
548
409
511
313
398
321
417
311
319
479
318
398
350
366
410
501
522
324
318
311
379
316
401
318
394
413
409
618
397
624
311
405
407
315
404
405
416
342
313
366
324
393
306
311
406
317
309
310
395
410
514
338
326
321
307
318
435
307
410
511
313
333
481
405
325
324
331
319
320
327
328
391
323
312
304
301
313
391
510
322
322
329
320
324
430
411
407
410
314
402
327
312
320
311
318
309
