459
306
305
409
511
310
407
509
511
513
321
314
387
410
321
498
406
414
307
405
305
416
306
321
395
303
311
306
513
318
398
410
410
340
309
328
323
313
433
410
513
408
323
308
325
349
643
403
323
315
387
514
401
307
320
313
338
319
338
321
405
304
523
509
318
538
319
322
347
336
311
374
416
321
492
410
402
417
317
312
341
358
317
398
409
327
389
511
314
312
601
411
633
316
305
314
319
308
362
408
454
328
312
475
310
318
320
310
377
308
340
344
358
368
534
312
316
323
378
335
381
319
396
333
334
316
391
346
432
303
339
380
310
326
387
325
312
364
425
518
408
405
517
511
410
408
305
331
323
318
462
409
409
309
308
407
410
320
374
314
425
409
410
512
409
513
407
321
315
341
458
407
314
449
314
357
513
312
320
314
383
326
341
356
410
393
306
425
322
314
317
309
876
471
321
310
300
348
317
399
402
508
317
395
320
320
385
515
325
391
408
318
344
305
365
404
517
513
311
404
411
411
324
313
304
309
486
339
304
483
307
409
411
408
331
317
332
316
444
329
382
322
329
319
373
312
321
306
314
447
307
320
532
310
314
306
310
318
382
326
326
376
513
511
409
409
322
307
496
324
318
324
322
310
450
408
411
317
312
394
511
403
314
315
309
325
401
390
403
519
320
390
306
321
320
494
404
415
406
333
